2025.2
2021.73
1993.48
2047.62
2066.28
2067.31
2063.67
2046.59
2041.71
2033.31
2047.46
2058.99
2043.7
2058.83
2098.28
2105.24
2134.3
2130.54
2131.54
2101.6
2105.12
2098.88
2097.75
2065.83
2072.83
2067.38
2057.03
2036.52
2003.49
2020.34
2026.36
2027.35
2028.04
2010.08
2015.27
2011.13
2052.87
2050.73
2047.91
2024.97
2026.5
2005.18
2008.12
2024.95
2021.29
2034.57
2041.48
2034.57
2050.23
2040.6
2039.21
2038.31
2024.83
2040.88
2029.96
2030.5
2052.53
2054.95
2051.71
2070.71
2085.98
2066.7
2055.52
2023.73
2026.67
2024.37
2033.93
2025.5
2038.68
2036.51
2048.33
2050.38
2059.42
2063.23
2059.37
2059.93
2064.02
2038.61
2038.34
2046.96
2066.65
2070.36
2067.28
2055.59
2059.07
2054.48
2075.48
2078.49
2105.06
2126.61
2177.95
2183.19
2181.24
2201.56
2185.3
2223.33
2219.95
2217.46
2187.67
2194.42
2224.65
2221.6
2222.88
2206.47
2226.73
2239.47
2245.33
2240.21
2230.46
2240.81
2229.27
2207.11
2209.47
2195.82
2217.2
2235.51
2266.05
2288.63
2306.86
2326.43
2326.53
2318.31
2311.68
2331.95
2339.14
2296.56
2307.89
2315.93
2329.45
2289.87
2309.72
2343.57
2345.1
2347.72
2357.71
2363.87
2382.79
2389.37
2374.54
2366.01
2359.47
2373.67
2356.5
2341.18
2356.73
2339.66
2326.55
2302.42
2302.28
2290.44
2337.87
2373.03
2391.08
2420.18
2430.03
2430.68
2419.25
2425.86
2418.17
2473.67
2469.67
2494.48
2485.61
2478.82
2474.01
2456.37
2450.99
2452.66
2486.79
2532.88
2567.6
2604.35
2630.49
2682.83
2680.16
2763.54
2779.53
2899.46
2937.65
3020.26
2856.27
2940.01
2925.74
2938.17
2953.42
3021.52
3061.02
3057.52
3108.6
3127.44
3032.61
2972.53
3072.54
3157.6
3168.02
3165.81
3234.68
3350.52
3351.45
3373.95
3293.46
3285.41
3229.32
3235.3
3222.44
3336.45
3376.5
3116.35
3173.05
3323.61
3343.34
3351.76
3383.18
3352.96
3305.74
3262.3
3210.36
3128.3
3204.91
3174.13
3136.53
3075.91
3095.12
3141.59
3157.7
3173.42
3203.83
3222.36
3246.91
3228.84
3298.36
3310.3
3336.28
3263.05
3279.53
3248.48
3241.19
3302.41
3286.07
3290.9
3349.32
3372.91
3449.3
3502.85
3577.3
3582.27
3617.32
3687.73
3691.41
3660.73
3682.1
3691.1
3786.57
3747.9
3810.29
3825.78
3863.93
3961.38
3994.81
3957.53
4034.31
4121.71
4135.57
4084.16
4194.82
4287.3
4217.08
4293.62
4398.49
4414.51
4393.69
4527.4
4476.21
4476.62
4441.66
4480.46
4298.71
4229.27
4112.21
4205.92
4333.58
4401.22
4375.76
4378.31
4308.69
4283.49
4417.55
4446.29
4529.42
4657.6
4813.8
4910.9
4941.71
4620.27
4611.74
4828.74
4910.53
4909.98
4947.1
5023.1
5131.88
5113.53
5106.04
5121.59
5166.35
5062.99
4887.43
4967.9
4785.36
4478.36
4576.49
4690.15
4527.78
4192.87
4053.03
4277.22
4053.7
3912.77
3686.92
3775.91
3727.12
3507.19
3709.33
3877.8
3970.39
3924.49
3805.7
3823.18
3957.35
3992.11
4017.67
4026.04
4123.92
4070.91
3725.56
3663
3789.17
3705.77
3663.73
3622.91
3756.54
3694.57
3661.54
3744.2
3928.42
3927.91
3886.32
3954.56
3965.33
3993.67
3748.16
3794.11
3664.29
3507.74
3209.91
2964.97
2927.29
3083.59
3232.35
3205.99
3166.62
3160.17
3080.42
3170.45
3243.09
3197.89
3200.23
3114.8
3005.17
3152.26
3086.06
3097.92
3156.54
3185.62
3115.89
3142.69
3092.35
3100.76
3038.14
3052.78
3143.36
3183.15
3287.66
3293.23
3262.44
3338.07
3391.35
3386.7
3425.33
3320.68
3368.74
3412.43
3429.58
3434.34
3375.2
3387.32
3382.56
3325.08
3316.7
3459.64
3522.82
3590.03
3646.88
3640.49
3650.25
3632.9
3580.84
3606.96
3604.8
3568.47
3617.06
3630.5
3610.31
3616.11
3647.93
3635.55
3436.3
3445.4
3456.31
3536.91
3584.82
3524.99
3536.93
3470.07
3472.44
3455.5
3434.58
3520.67
3510.35
3516.19
3580
3578.96
3642.47
3651.77
3636.09
3612.49
3627.91
3533.78
3563.74
3572.88
3539.18
3296.26
3287.71
3361.84
3125
3186.41
3016.7
3022.86
2949.6
3007.65
2900.97
2913.84
3007.74
2976.69
2880.48
2916.56
2938.51
2749.79
2735.56
2655.66
2737.6
2688.85
2749.57
2739.25
2781.02
2763.49
2746.2
2836.57
2867.34
2862.89
2860.02
2927.18
2903.33
2928.9
2741.25
2767.21
2687.98
2733.17
2849.68
2859.76
2874.15
2897.34
2901.39
2862.56
2804.73
2810.31
2859.5
2864.37
2870.43
2904.83
2955.15
3018.8
2999.36
3009.96
2960.97
2979.43
2957.82
2919.83
3000.65
3003.92
3009.53
3053.07
3050.59
3008.42
2984.96
3033.96
3023.65
3066.64
3082.36
3078.12
3033.66
3042.82
2972.58
2952.89
2959.24
2946.67
2964.7
2953.67
2945.59
2938.32
2992.64
2991.27
2997.84
2913.25
2832.11
2832.59
2837.04
2835.86
2827.11
2850.86
2843.68
2807.51
2806.91
2825.48
2843.65
2821.67
2815.09
2822.44
2821.05
2822.45
2916.62
2913.51
2925.23
2938.68
2934.1
2936.04
2927.16
2833.07
2842.19
2887.21
2872.82
2885.11
2888.81
2878.56
2905.55
2891.96
2854.29
2895.7
2912.56
2931.59
2929.61
2932.48
2988.6
3006.39
3017.29
3016.85
2988.09
2994.92
3049.38
3060.69
3054.02
3054.3
3043.56
3036.6
3027.9
3039.01
3012.82
3015.83
3050.17
2992
2994.32
2979.34
2953.39
2971.28
2978.46
2982.43
2976.7
3004.28
3025.68
3018.75
3002.64
3050.67
3125.2
3110.04
3109.55
3104.11
3108.1
3084.81
3089.71
3085.88
3068.33
3070.31
3070.03
3074.68
3085.49
3063.31
3067.35
3072.1
3090.71
3091.93
3095.95
3078.85
3021.98
3023.51
3002.85
3026.05
3023
3025.87
3042.31
3033.9
2980.43
2998.17
2987.86
2998.48
3004.7
3048.14
3065.25
3058.5
3061.35
3063.81
3041.17
3083.88
3084.72
3084.46
3090.94
3128.25
3131.94
3116.31
3112.35
3104.27
3100.49
3122.44
3102.73
3128.94
3125.32
3133.33
3147.89
3128.37
3171.28
3196.04
3210.37
3206.99
3205.06
3208.45
3192.86
3218.15
3248.35
3241.14
3241.74
3261.94
3277
3282.92
3250.03
3273.31
3243.84
3204.71
3199.65
3222.24
3215.37
3232.88
3152.97
3155.04
3140.53
3117.68
3122.98
3118.08
3102.88
3137.43
3139.56
3110.15
3122.57
3114.66
3102.24
3096.1
3103.64
3135.92
3158.79
3165.41
3154.32
3171.24
3161.67
3136.75
3119.29
3112.76
3103.43
3108.77
3113.01
3101.3
3123.14
3136.77
3142.55
3149.55
3159.17
3140.17
3156.98
3153.09
3166.98
3183.18
3196.7
3216.84
3217.93
3212.99
3229.62
3202.08
3239.96
3253.33
3261.22
3251.38
3253.43
3228.66
3241.73
3246.93
3230.03
3218.31
3233.87
3242.41
3240.66
3216.75
3212.76
3237.02
3239.33
3241.76
3268.94
3237.45
3250.81
3261.61
3245.22
3248.55
3269.45
3266.96
3252.95
3241.31
3210.24
3222.51
3270.31
3281
3286.62
3269.39
3288.97
3273.83
3275.96
3246.07
3222.17
3196.71
3170.69
3172.1
3173.15
3129.53
3134.57
3140.85
3152.19
3154.66
3143.71
3135.35
3127.37
3103.04
3078.61
3080.53
3052.78
3061.5
3083.51
3090.23
3112.96
3104.44
3090.14
3090.63
3075.68
3061.95
3064.08
3107.83
3110.06
3117.18
3102.62
3105.54
3091.66
3102.13
3140.32
3150.33
3158.4
3139.88
3153.74
3130.67
3132.49
3123.17
3144.37
3140.01
3156.21
3147.45
3157.87
3185.44
3191.2
3173.2
3188.06
3192.43
3195.91
3182.8
3207.13
3212.44
3217.96
3212.63
3203.04
3197.54
3218.16
3222.42
3176.46
3187.57
3230.98
3244.86
3237.98
3250.6
3243.69
3247.67
3249.78
3253.24
3273.03
3292.64
3285.06
3272.93
3262.08
3279.46
3281.87
3275.57
3261.75
3208.54
3237.36
3251.26
3246.45
3268.43
3268.72
3286.91
3290.23
3287.7
3271.51
3331.52
3362.65
3365.23
3363.63
3360.81
3367.12
3379.58
3384.32
3385.39
3365.5
3365.24
3376.42
3379.49
3384.15
3371.43
3353.62
3362.86
3356.84
3366
3357.81
3352.53
3341.55
3343.58
3345.27
3339.64
3348.94
3374.38
3382.99
3388.28
3386.1
3390.52
3378.47
3372.04
3381.79
3370.17
3378.65
3380.7
3388.25
3396.9
3407.57
3416.81
3390.34
3393.34
3395.91
3383.31
3371.74
3388.17
3413.57
3415.46
3427.79
3432.67
3447.84
3429.55
3402.52
3399.25
3382.91
3392.4
3410.5
3430.46
3351.92
3353.82
3322.23
3333.66
3337.86
3317.19
3317.62
3309.62
3303.68
3293.96
3272.05
3289.99
3322.2
3280.81
3303.04
3292.44
3266.14
3267.92
3296.54
3287.61
3300.06
3297.06
3280.46
3306.12
3275.78
3296.38
3307.17
3348.33
3369.11
3385.71
3391.75
3409.48
3413.9
3421.83
3425.35
3428.94
3410.49
3436.59
3444.67
3474.75
3487.86
3501.36
3546.5
3559.47
3548.31
3558.13
3523
3488.01
3480.83
3446.98
3462.08
3487.5
3370.65
3309.26
3262.05
3129.85
3154.13
3184.96
3199.16
3268.56
3289.02
3329.57
3292.07
3259.41
3273.75
3254.53
3256.93
3289.64
3271.67
3288.41
3307.17
3326.7
3310.24
3291.38
3291.11
3269.88
3279.25
3290.64
3280.95
3263.48
3152.76
3133.72
3166.65
3122.29
3160.53
3168.9
3163.18
3136.63
3131.11
3138.29
3190.32
3208.08
3180.16
3159.05
3110.65
3066.8
3091.4
3117.38
3071.54
3068.01
3128.93
3117.97
3075.03
3082.23
3081.18
3100.86
3091.03
3136.64
3161.5
3159.15
3174.41
3163.26
3174.03
3192.12
3169.57
3154.28
3193.3
3213.84
3214.35
3168.96
3154.65
3141.3
3135.08
3120.46
3041.44
3095.47
3075.14
3091.19
3114.21
3115.18
3109.5
3067.15
3052.78
3079.8
3049.8
3044.16
3021.9
2907.82
2915.73
2875.81
2889.76
2859.34
2844.51
2813.18
2786.9
2847.42
2775.56
2786.89
2759.13
2733.88
2747.23
2815.11
2827.63
2777.77
2837.66
2831.18
2814.04
2798.13
2787.26
2772.55
2829.27
2859.54
2905.56
2903.65
2882.23
2873.59
2869.05
2876.4
2824.53
2768.02
2740.44
2705.16
2779.37
2744.07
2794.38
2795.31
2785.87
2780.96
2723.26
2705.19
2668.97
2698.47
2733.83
2714.61
2724.62
2729.43
2780.9
2777.98
2769.29
2737.74
2725.25
2720.73
2750.58
2704.34
2691.59
2702.3
2669.48
2664.8
2656.11
2686.58
2681.64
2651.79
2699.95
2730.85
2729.24
2797.49
2781.14
2806.81
2791.78
2821.35
2716.51
2721.01
2725.84
2583.46
2606.91
2568.1
2546.33
2561.61
2486.42
2550.47
2654.88
2594.83
2603.3
2603.8
2598.85
2542.1
2568.05
2602.78
2606.24
2676.48
2665.43
2659.36
2641.34
2635.63
2598.87
2630.52
2654.88
2632.24
2668.17
2679.11
2703.51
2645.85
2651.51
2645.43
2579.48
2575.81
2574.68
2601.74
2567.44
2588.19
2654.8
2665.96
2649.81
2605.18
2605.89
2584.58
2594.09
2602.15
2634.05
2593.74
2597.97
2576.65
2549.56
2536.27
2516.25
2527.01
2504.82
2498.29
2483.09
2493.9
2465.29
2464.36
2514.87
2533.09
2526.46
2544.35
2535.1
2553.83
2535.77
2570.35
2570.42
2559.64
2596.01
2610.51
2579.7
2581
2591.69
2601.72
2596.98
2594.25
2575.58
2584.57
2618.23
2653.9
2671.89
2721.07
2719.7
2682.39
2754.36
2755.65
2761.22
2751.8
2804.23
2961.28
2941.52
2953.82
2940.95
2994.01
3027.58
3054.25
3102.1
3106.42
2969.86
3026.99
3060.31
3026.95
2990.69
3021.75
3096.42
3090.98
3090.64
3101.46
3104.15
3043.03
2997.1
3022.72
2994.94
3090.76
3170.36
3176.82
3216.3
3246.57
3244.81
3239.66
3241.93
3189.96
3188.63
3177.79
3253.6
3263.12
3250.2
3270.8
3215.04
3198.59
3201.61
3123.83
3086.4
3062.5
3078.34
2906.46
2926.39
2893.76
2850.95
2939.21
2903.71
2883.61
2938.68
2955.71

